3.000000000000000000e+01 4.069730000000000132e+02 1.157817923186198868e+03 1.047549549549644098e+03 1.099927027029380770e+04 1.052631578944983742e-01
1.210000000000000000e+02 4.069730000000000132e+02 1.161121255349464491e+03 9.598419811321249426e+02 5.537047619050088542e+03 2.097004279599569976e-01
2.120000000000000000e+02 4.069719999999999800e+02 1.154530496453833621e+03 1.011110559006274002e+03 8.139440000007410163e+03 1.418439716310682941e-01
3.030000000000000000e+02 4.069700000000000273e+02 1.167776183644184812e+03 9.962545899632715418e+02 6.782833333333082919e+03 1.721664275466340821e-01
3.940000000000000000e+02 4.069719999999999800e+02 1.152895184135948966e+03 9.962594859241037284e+02 7.332828828829489794e+03 1.572237960339762930e-01
4.850000000000000000e+02 4.069689999999999941e+02 1.169451149425243102e+03 1.050242580645191993e+03 1.030301265823423091e+04 1.135057471263621748e-01
5.760000000000000000e+02 4.069680000000000177e+02 1.151253182461113738e+03 1.079490716180343952e+03 1.731778723403314871e+04 6.647807637910319034e-02
6.670000000000000000e+02 4.069664999999999964e+02 1.113451436388517095e+03 1.039505747126416281e+03 1.565255769230140686e+04 7.113543091658175443e-02
7.580000000000000000e+02 4.069680000000000177e+02 1.152883852691189986e+03 1.050240000000030932e+03 1.179617391305033198e+04 9.773371104809946974e-02
8.490000000000000000e+02 4.069664999999999964e+02 1.124216850828657243e+03 1.079486737400503216e+03 2.713110000002472225e+04 4.143646408835737621e-02
9.400000000000000000e+02 4.069635000000000105e+02 1.147992947813909268e+03 9.186534988713658549e+02 4.598457627118102209e+03 2.496473906911625684e-01
1.031000000000000000e+03 4.069630000000000223e+02 1.146374647887448873e+03 9.841910519951654805e+02 6.956632478627987439e+03 1.647887323944905447e-01
1.122000000000000000e+03 4.069635000000000105e+02 1.130454166666802394e+03 9.794548736461890712e+02 7.332675675668834629e+03 1.541666666668290164e-01
1.213000000000000000e+03 4.069635000000000105e+02 1.128886269070729441e+03 1.013607721046080655e+03 9.925939024390996565e+03 1.137309292649006515e-01
1.304000000000000000e+03 4.069630000000000223e+02 1.136768156424568133e+03 1.021237139272238437e+03 1.004846913580032560e+04 1.131284916201345803e-01
1.395000000000000000e+03 4.069635000000000105e+02 1.161094151212517318e+03 1.135184100418434582e+03 5.087043750011883822e+04 2.282453637655081774e-02
1.486000000000000000e+03 4.069660000000000082e+02 1.157798008534892688e+03 1.058429128738614054e+03 1.233230303029723655e+04 9.388335704129929793e-02
1.577000000000000000e+03 4.069630000000000223e+02 1.151239038189543635e+03 9.877742718447136667e+02 6.956632478634755898e+03 1.654879773691128042e-01
1.668000000000000000e+03 4.069635000000000105e+02 1.152871104815835906e+03 9.023580931263421689e+02 4.152688775509643165e+03 2.776203966005972856e-01
1.759000000000000000e+03 4.069635000000000105e+02 1.143155898876422043e+03 8.705101604278582954e+02 3.649896860987259970e+03 3.132022471909548522e-01
1.850000000000000000e+03 4.069649999999999750e+02 1.136773743016746721e+03 1.008587360594774964e+03 8.944285714284902497e+03 1.270949720670491723e-01
1.941000000000000000e+03 4.069649999999999750e+02 1.157795163584679131e+03 8.808766233766441474e+02 3.682941176470526898e+03 3.143669985775414677e-01
2.032000000000000000e+03 4.069649999999999750e+02 1.146380281690082029e+03 1.001143911439128942e+03 7.902233009712437706e+03 1.450704225351359122e-01
2.123000000000000000e+03 4.069649999999999750e+02 1.147997179125431558e+03 8.876008724101136522e+02 3.913125000002704382e+03 2.933709449927202062e-01
2.214000000000000000e+03 4.069655000000000200e+02 1.151246110325328573e+03 8.742545649839574935e+02 3.633620535715378537e+03 3.168316831682244095e-01
2.305000000000000000e+03 4.069655000000000200e+02 1.147998589562851294e+03 9.084051339286138500e+02 4.352572192513097434e+03 2.637517630465808227e-01
2.396000000000000000e+03 4.069664999999999964e+02 1.136777932960880889e+03 9.724408602150664365e+02 6.726719008265519733e+03 1.689944134077927540e-01
2.487000000000000000e+03 4.069664999999999964e+02 1.162761428571541956e+03 1.083798934753695903e+03 1.595947058822134750e+04 7.285714285721363315e-02
2.578000000000000000e+03 4.069674999999999727e+02 1.154517730496386775e+03 9.806445783132046472e+02 6.511480000000003201e+03 1.773049645389966900e-01
2.669000000000000000e+03 4.069644999999999868e+02 1.176197976878600230e+03 1.091057640750698056e+03 1.507275925926662603e+04 7.803468208088588931e-02
2.760000000000000000e+03 4.069674999999999727e+02 1.151251768033956523e+03 1.032912436548208916e+03 1.004858024691143692e+04 1.145685997171400211e-01
2.851000000000000000e+03 4.069615000000000009e+02 1.151234794908072672e+03 1.032897208121813037e+03 1.004843209876327637e+04 1.145685997171401876e-01
2.942000000000000000e+03 4.069644999999999868e+02 1.151243281471014598e+03 9.643708530805105283e+02 5.941087591238388086e+03 1.937765205092766563e-01
3.033000000000000000e+03 4.069644999999999868e+02 1.171120863309459764e+03 1.044838254172020243e+03 9.689630952374027402e+03 1.208633093526154390e-01
3.124000000000000000e+03 4.069644999999999868e+02 1.152873937677025651e+03 9.841946795646938426e+02 6.726685950414283980e+03 1.713881019829716079e-01
3.215000000000000000e+03 4.069619999999999891e+02 1.139949579831844176e+03 9.770996398559775571e+02 6.839697478996507016e+03 1.666666666665340690e-01
3.306000000000000000e+03 4.069644999999999868e+02 1.127325484764574185e+03 1.004850617283877227e+03 9.249193181809863745e+03 1.218836565098082858e-01
3.397000000000000000e+03 4.069644999999999868e+02 1.143158707865185988e+03 1.001142681426828744e+03 8.058702970297101274e+03 1.418539325842705645e-01
3.488000000000000000e+03 4.069624999999999773e+02 1.138356643356773702e+03 9.759292565947869207e+02 6.839705882351315267e+03 1.664335664336250575e-01
3.579000000000000000e+03 4.069635000000000105e+02 1.154506382978656347e+03 1.051585271317828301e+03 1.179604347826771846e+04 9.787234042546939794e-02
3.670000000000000000e+03 4.069635000000000105e+02 1.152871104815835906e+03 1.025096977329997117e+03 9.249170454549077476e+03 1.246458923512229200e-01
3.761000000000000000e+03 4.069635000000000105e+02 1.130454166666623905e+03 9.701156138260506623e+02 6.839722689080546843e+03 1.652777777776527068e-01
3.852000000000000000e+03 4.069635000000000105e+02 1.121111570247935333e+03 1.073782321899682074e+03 2.543521874996893530e+04 4.407713498627978399e-02
3.943000000000000000e+03 4.069635000000000105e+02 1.124208563536016072e+03 1.046178663239047637e+03 1.507272222219785544e+04 7.458563535924353505e-02
4.034000000000000000e+03 4.069669999999999845e+02 1.152881019830000014e+03 1.069558475689927718e+03 1.479880000001348890e+04 7.790368271947381573e-02
4.125000000000000000e+03 4.069669999999999845e+02 1.151250353606799536e+03 1.069558475689927718e+03 1.507285185185922455e+04 7.637906647803970051e-02
4.216000000000000000e+03 4.069669999999999845e+02 1.156156250000080718e+03 1.098426450742261750e+03 2.199821621619563302e+04 5.255681818187103033e-02
4.307000000000000000e+03 4.069639999999999986e+02 1.141553997194824206e+03 1.031594423320675787e+03 1.070957894738137475e+04 1.065918653575029934e-01
4.398000000000000000e+03 4.069669999999999845e+02 1.130463888888845986e+03 9.553215962440315252e+02 6.166166666663776596e+03 1.833333333334123127e-01
4.489000000000000000e+03 4.069639999999999986e+02 1.176196531791895040e+03 9.830048309177697092e+02 5.984764705878793393e+03 1.965317919076292608e-01
4.580000000000000000e+03 4.069669999999999845e+02 1.152881019830185778e+03 1.055686121919642119e+03 1.252206153845100016e+04 9.206798866864529529e-02
4.671000000000000000e+03 4.069669999999999845e+02 1.143165730337096193e+03 1.089603748326702316e+03 2.325525714287831215e+04 4.915730337074252637e-02
4.762000000000000000e+03 4.069669999999999845e+02 1.162762857142781513e+03 1.089603748326702316e+03 1.731774468088360300e+04 6.714285714272662242e-02
4.853000000000000000e+03 4.069669999999999845e+02 1.176205202312126403e+03 9.632355029585487500e+02 5.319830065358783031e+03 2.210982658959802782e-01
4.944000000000000000e+03 4.069610000000000127e+02 1.141545582047741163e+03 9.409502890173312153e+02 5.354749999998465682e+03 2.131837307153589267e-01
5.035000000000000000e+03 4.069664999999999964e+02 1.176203757225421214e+03 1.139962184874042578e+03 3.699695454556460027e+04 3.179190751435596179e-02
5.126000000000000000e+03 4.069664999999999964e+02 1.159448717948720969e+03 9.782848557692382201e+02 6.261023076923293047e+03 1.851851851851792630e-01
5.217000000000000000e+03 4.069649999999999750e+02 1.171122302158380535e+03 1.066749672345955560e+03 1.196955882351229047e+04 9.784172661885394418e-02
5.308000000000000000e+03 4.069644999999999868e+02 1.152873937677025651e+03 1.066748361729966064e+03 1.427945614034675782e+04 8.073654390936975400e-02
5.399000000000000000e+03 4.069649999999999750e+02 1.167761836441889272e+03 9.270273348518910552e+02 4.496850828728285705e+03 2.596843615495543767e-01
5.490000000000000000e+03 4.069635000000000105e+02 1.147992947813909268e+03 1.012347014925406370e+03 8.567652631576487693e+03 1.339915373766353557e-01
5.581000000000000000e+03 4.069664999999999964e+02 1.176203757225421214e+03 1.069557161629481016e+03 1.179613043478944383e+04 9.971098265890071533e-02
5.672000000000000000e+03 4.069644999999999868e+02 1.132029207232186764e+03 9.830060386473732024e+02 7.467238532115333328e+03 1.515994436716491811e-01
5.763000000000000000e+03 4.069664999999999964e+02 1.161102710413658542e+03 1.063964705882371845e+03 1.271770312500703403e+04 9.129814550636605741e-02
5.854000000000000000e+03 4.069664999999999964e+02 1.138367832167781444e+03 1.066753604193924048e+03 1.695693749999933789e+04 6.713286713286675811e-02
5.945000000000000000e+03 4.069615000000000009e+02 1.157785206258745120e+03 1.036844585987303162e+03 9.925890243916976033e+03 1.166429587480364294e-01
6.036000000000000000e+03 4.069599999999999795e+02 1.146366197183039731e+03 1.011080745341677698e+03 8.567578947376221549e+03 1.338028169012797641e-01
6.127000000000000000e+03 4.069644999999999868e+02 1.143158707865185988e+03 1.017411250000057748e+03 9.249193181821818143e+03 1.235955056179308259e-01
6.218000000000000000e+03 4.069644999999999868e+02 1.167760401721659719e+03 9.818202653800340158e+02 6.166128787881210883e+03 1.893830703012160943e-01
6.309000000000000000e+03 4.069635000000000105e+02 1.171117985611426548e+03 1.025096977329997117e+03 8.221484848490435979e+03 1.424460431653605808e-01
6.400000000000000000e+03 4.069635000000000105e+02 1.149614406779525098e+03 1.111922131147585333e+03 3.391362500015965634e+04 3.389830508458217123e-02
6.491000000000000000e+03 4.069669999999999845e+02 1.174507936507964132e+03 1.026398486759134130e+03 8.139339999998148414e+03 1.443001443001805106e-01
6.582000000000000000e+03 4.069669999999999845e+02 1.141562412342271273e+03 9.678168846611082472e+02 6.358859374997871782e+03 1.795231416550477355e-01
6.673000000000000000e+03 4.069615000000000009e+02 1.146370422535152557e+03 9.877706310678782984e+02 7.139675438594445041e+03 1.605633802817279243e-01
6.764000000000000000e+03 4.069669999999999845e+02 1.164426323319101357e+03 9.782860576921814300e+02 6.119804511271206138e+03 1.902718168814883648e-01
6.855000000000000000e+03 4.069669999999999845e+02 1.111931693988942470e+03 1.022530150753705698e+03 1.271771875000703767e+04 8.743169398901254330e-02
6.946000000000000000e+03 4.069669999999999845e+02 1.139963585434084962e+03 1.059809895833293240e+03 1.507285185185924820e+04 7.563025210079733773e-02
7.037000000000000000e+03 4.069649999999999750e+02 1.143160112359385494e+03 1.068149606299132302e+03 1.627860000001482877e+04 7.022471910104947923e-02
7.128000000000000000e+03 4.069669999999999845e+02 1.130463888888845986e+03 9.747712574849874727e+02 7.077686956521180946e+03 1.597222222222287602e-01
7.219000000000000000e+03 4.069649999999999750e+02 1.147997179125615730e+03 9.508528037383238143e+02 5.536938775508389881e+03 2.073342736249073059e-01
7.310000000000000000e+03 4.069619999999999891e+02 1.149610169491574197e+03 9.598160377357697826e+02 5.813742857138700856e+03 1.977401129945000335e-01
7.401000000000000000e+03 4.069669999999999845e+02 1.154516312056670586e+03 9.974681372548641320e+02 7.332738738739402834e+03 1.574468085106149051e-01
7.492000000000000000e+03 4.069669999999999845e+02 1.151250353606799536e+03 9.598278301885999326e+02 5.772581560280559643e+03 1.994342291373092935e-01
7.583000000000000000e+03 4.069644999999999868e+02 1.127325484764574185e+03 9.453298490127867808e+02 5.855604316546337941e+03 1.925207756232880096e-01
7.674000000000000000e+03 4.069644999999999868e+02 1.152873937677025651e+03 1.006092707045773864e+03 7.902223300974563244e+03 1.458923512747158646e-01
7.765000000000000000e+03 4.069649999999999750e+02 1.130458333333290511e+03 1.006093943139716998e+03 9.145280898882376277e+03 1.236111111110257121e-01
7.856000000000000000e+03 4.069610000000000127e+02 1.136762569832389318e+03 1.031586818757938090e+03 1.114961643835935138e+04 1.019553072625395268e-01
7.947000000000000000e+03 4.069619999999999891e+02 1.157786628734039141e+03 1.031589353612183913e+03 9.464232558138122840e+03 1.223328591749871241e-01
8.038000000000000000e+03 4.069619999999999891e+02 1.161089871612135084e+03 1.079474801060980553e+03 1.535705660374139188e+04 7.560627674767196604e-02
8.129000000000000000e+03 4.069644999999999868e+02 1.139956582633146127e+03 1.072370223978899048e+03 1.808731111108186451e+04 6.302521008414066483e-02
8.220000000000000000e+03 4.069644999999999868e+02 1.147995768688196222e+03 1.043498717948754347e+03 1.146378873240843859e+04 1.001410437234229039e-01
8.311000000000000000e+03 4.069644999999999868e+02 1.151243281471014598e+03 9.794572803851917797e+02 6.563943548391860531e+03 1.753889674680496891e-01
8.402000000000000000e+03 4.069644999999999868e+02 1.159443019943022819e+03 9.453298490127867808e+02 5.119050314465672272e+03 2.264957264957153937e-01
8.493000000000000000e+03 4.069664999999999964e+02 1.143164325842714106e+03 9.962460220318148458e+02 7.751742857141515742e+03 1.474719101123873333e-01
8.584000000000000000e+03 4.069635000000000105e+02 1.151240452616700622e+03 9.678085612366136274e+02 6.074082089551577155e+03 1.895332390382118981e-01
8.675000000000000000e+03 4.069644999999999868e+02 1.143158707865003407e+03 9.312688787185102228e+02 5.024253086422208980e+03 2.275280898874963709e-01
8.766000000000000000e+03 4.069635000000000105e+02 1.161094151212517318e+03 9.312665903889908350e+02 4.704780346820759405e+03 2.467902995720348547e-01
8.857000000000000000e+03 4.069635000000000105e+02 1.157790896159359136e+03 1.068145669291417562e+03 1.379537288136316420e+04 8.392603129441138232e-02
8.948000000000000000e+03 4.069669999999999845e+02 1.133612813370355752e+03 1.008592317224266935e+03 9.145325842702599402e+03 1.239554317547808537e-01
9.039000000000000000e+03 4.069664999999999964e+02 1.148001410437322420e+03 1.008591078066894056e+03 8.305438775504277146e+03 1.382228490833248835e-01
