0.000000000000000000e+00 4.072350000000000000e+08 3.132576923076922867e+03 2.545218750000000000e+03 1.357450000000000364e+04 2.307692307692306988e-01
5.000000000000000000e+02 4.071900000000000000e+08 2.544937500000000000e+03 2.035950000000000045e+03 1.017974999999999454e+04 2.500000000000001110e-01
1.000000000000000000e+03 4.071700000000000000e+08 2.808068965517241395e+03 2.262055555555555657e+03 1.163342857142857065e+04 2.413793103448275967e-01
1.500000000000000000e+03 4.071600000000000000e+08 3.132000000000000000e+03 2.088000000000000000e+03 6.264000000000001819e+03 4.999999999999998335e-01
2.000000000000000000e+03 4.071600000000000000e+08 2.908285714285714221e+03 2.035799999999999955e+03 6.785999999999998181e+03 4.285714285714286587e-01
2.500000000000000000e+03 4.071550000000000000e+08 2.807965517241379530e+03 2.626806451612903402e+03 4.071550000000000728e+04 6.896551724137930939e-02
3.000000000000000000e+03 4.071500000000000000e+08 2.807931034482758605e+03 2.200810810810810835e+03 1.017875000000000000e+04 2.758620689655172376e-01
3.500000000000000000e+03 4.071500000000000000e+08 2.908214285714285779e+03 2.544687500000000000e+03 2.035749999999997817e+04 1.428571428571430157e-01
4.000000000000000000e+03 4.071500000000000000e+08 3.015925925925926094e+03 2.544687500000000000e+03 1.628599999999999454e+04 1.851851851851852582e-01
4.500000000000000000e+03 4.071500000000000000e+08 3.015925925925926094e+03 2.544687500000000000e+03 1.628599999999999454e+04 1.851851851851852582e-01
5.000000000000000000e+03 4.071500000000000000e+08 2.807931034482758605e+03 2.261944444444444343e+03 1.163285714285713948e+04 2.413793103448276522e-01
